12622944
12628235
12628772
12628775
12628804
12628861
12628893
12628899
12629334
12629505
12629584
12629876
12629882
12629994
12630014
12630071
12630408
12630409
12630414
12630428
12630436
12630593
12630861
12630873
12630955
12630961
12631163
12631165
12633602
12633665
12633670
12633841
12634124
12634146
12634207
12634325
12634377
12634402
12634622
12634631
12634634
12634639
12634674
12634734
12634743
12634825
12634826
12634828
12634845
12634847
12634867
12636279
12636351
12636357
12636359
12636430
12636431
12636647
12636814
12636823
12636847
12636861
12636866
12637014
12637210
12637213
12637216
12637217
12637221
12637226
12637269
12637287
12637550
12637551
12637552
12637666
12637671
12637702
12637708
12637737
12637738
12637739
12637742
12638201
12638265
12638270
12638272
12638286
12638288
12638290
12638295
12638320
12638322
12638324
12638753
12638761
12638792
12638837
12638846
12638850
12638857
12638859
12638869
12638889
12639147
12639215
12639257
12639264
12639272
12639276
12639301
12639305
12639354
12639357
12639359
12639494
12639533
12639534
12639539
12639542
12639553
12639609
12639613
12639615
12639642
12639644
12639645
12639648
12639665
12639675
12639801
12639807
12639809
12639811
12639876
12639908
12640037
12640074
12640076
12640082
12640157
12640271
12640274
12640277
12640279
12640329
12640730
12640734
12640960
12640961
12640962
12641001
12641004
12641009
12641010
12641077
12641078
12641079
12641082
12641083
12641084
12641086
12641087
12641088
12641089
12641104
12641115
12641119
12641132
12641376
12641379
12641380
12641382
12641406
12641407
12641410
12641413
12641414
12641415
12641420
12641445
12641446
12641451
12641452
12641457
12641539
12641541
12641554
12641555
12641557
12641559
12641560
12641570
12641571
12641573
12641580
12641581
12641583
12641608
12641612
